Time:  0
Criterion:  Ansari
Samples:  (10, 12)
Sum:  22
Variants:  61
Size:  61
Statistics [30.0, 31.0, 32.0, 33.0, 34.0, 35.0, 36.0, 37.0, 38.0, 39.0, 40.0, 41.0, 42.0, 43.0, 44.0, 45.0, 46.0, 47.0, 48.0, 49.0, 50.0, 51.0, 52.0, 53.0, 54.0, 55.0, 56.0, 57.0, 58.0, 59.0, 60.0, 61.0, 62.0, 63.0, 64.0, 65.0, 66.0, 67.0, 68.0, 69.0, 70.0, 71.0, 72.0, 73.0, 74.0, 75.0, 76.0, 77.0, 78.0, 79.0, 80.0, 81.0, 82.0, 83.0, 84.0, 85.0, 86.0, 87.0, 88.0, 89.0, 90.0]
P-value [1.546441126265563e-06, 7.732205631327815e-06, 2.1650175767717883e-05, 5.2578998293029144e-05, 0.0001175295292341616, 0.00024124481933540665, 0.0004623859094863292, 0.0008397175661229994, 0.001453654720535269, 0.002418634012428811, 0.00388311384813278, 0.006035760041413596, 0.009106992274610093, 0.013381355904130032, 0.019171231888321927, 0.026835394553927472, 0.03675736067452817, 0.049333020575431874, 0.06494434410342365, 0.08395319850751548, 0.10665340767809539, 0.13327075400957256, 0.163922764822928, 0.1986125339717546, 0.23719469504067092, 0.27941253827520995, 0.32482532830545097, 0.37288253428050666, 0.42291300044962554, 0.47416824521133094, 0.5258317519874254, 0.5770869967491308, 0.6271174629182497, 0.6751746688933054, 0.7205874589235464, 0.7628053021580854, 0.8013874632270017, 0.8360772323758283, 0.8667292431891838, 0.8933465895206609, 0.9160467986912408, 0.9350556530953327, 0.9506669766233244, 0.9632426365242281, 0.9731646026448288, 0.9808287653104344, 0.9866186412946263, 0.9908930049241462, 0.9939642371573427, 0.9961168833506235, 0.9975813631863275, 0.998546342478221, 0.9991602796326333, 0.99953761128927, 0.9997587523794209, 0.9998824676695222, 0.9999474182004633, 0.9999783470229886, 0.999992264993125, 0.99999845075763, 0.9999999971987563]
